-6 998 -604 -414 100 495 -328 939 354 -268 131 -899 -167 222 932 990 3 835 -291 -628 402 -212 -164 476 558 -411 -777 -355 -556 68 -216 507 -962 -810 813 271 79 402 -579 -943 95 -735 -570 -604 313 527 -333 71 882 824 -655 -736 731 942 -233 -515 468 -292 858 49 899 903 -305 -765 256 493
58 -374 305 -480 647 525 -83 -273 763 -80 40 141 -383 536 -893 525 87 985 -729 246 -780 185 -615 69 -663 -68 -71 275 -9 -551 -417 -276 -180 983 -840 369 -531 373 281 -208 -256 993 -490 -104 -854 -295 -648 677 -344 -834 328 840 314 432 -274 309 891
-867 -259 911 400 740 -675 -659 979 285 -855 851 415 590 -361 -849 266 322 -996 809 628 -400 825 -152 -397 -623 978 -931 -105 -731 997 515 282 -855 804 321 30 -116 851 -57 -103 -288 -574 -791 -209 768 292 -412 673 670 -76 786 -730 -793 864 280 701 -120 -43 -633 178 212 -988 692 801 -705 -298 311
-99 -80 -357 222 -828 618 438 -661 143 -574 75 -535 79 -769 57 612 966 269 317 724 -622 -744 -845 871 98 -931 -996 80
-188 578 541 -312 173 -552 364 -953 567 695 934 -705 -919 718 591 126 -257 -989 -966 -409 -193 232 -947 69 640 614 526 -750 -628 395 -355 -547 -747 808 -189 294 -265 -534 838 -195 -420 -84 -926 805 -307 807 -613 873 702 653 -874 -105 883 666
230 -396 -613 -852 697 593 -662 798 -139 450 -241 468 789 -745 -673 -455 -138 28 -722 549 71 301 664 968 606 220 675 434 803 832 -491 819 147 -767 -573 633 -840 -778 959 -931 215 -632 -191 14 -859 579 -980 -872 142 -332 140 948 -816 -64 -192 413 565 682 393 -210 231 -580 -796 355 -944 -642 -944 -403 963 792 289 517 173 -772
868 558 815 270 -796 373 -308 -697 521 154 804 886 821 104 -10 -663 912 392 495 -689 178 -403 638 536 -992 235 -468 69 728 447 697 -949 -561 926 247 -745 927 283 706 955 333 896 387 -910 -549 -469 723 -16 -589 -109 452 905 -97 701 895 497 -998 -36 129 -265 -7 934 346
-314 -630 -519 -253 652 881 -563 555 328 -952 -814 755 338 -754 943 -849 726 -966 -335 677 574 -399 -615 519 890 -547 -32 279 -912 797 151 -653 589
553 663 -638 -565 854 -199 -435 -561 430 -536 -511 -725 965 -300 953 163 549 -87 -246 297 -12 -737 127 -346 -983 -183 331 -769 -287 273 699 -596 -74 -684 439 -593 -989 362 -818 -343 -25 -159 28 -46 -681 586 -787 413 788 -185 -206 -71 -6 777 346 906 899 661 -631 -801 -97 -517 331 64
243 -362 -207 218 -35 -647 399 627 136 -53 -745 -938 581 382 183 953 -84 570 -372 -759 -161 117 -609 682 -211 498 75 -245 -718 -520 -273 582 147 -599 899 -51 -497 -108 -714 -492 -266 90 462 -241 -376
126 594 -305 58 906 -135 -794 -102 -914 882 192 -286 101 -36 -871 655 533 349 173 95 120 708 -279 -989 358 -946 -410 987 -329 -247 54 -836 -155 -186 293 -786 667 -45 457 -625 13 -992 -797 363 -576 310 221 867 -903 -405 -994 -620 -691 266 103 382 -395 214
149 502 490 -74 681 270 -929 449 689 179 -439 -852 272 970 -466 -880 -611 334 358 470 70 466 -464 921 -620 405 -855 -647 -946 51 -35 -628 421 443 -141 323 -680 -525 -599 351 726 145 510 -387 -5 -938 395 -539 -362 -770 901 460 -654 535 789 58 -522 147 970 532 514 307 -381 -966
502 -508 -519 -34 805 -288 -197 -890 133 4 -972 -822 -568 -878 -795 998 846 -595 872 605 -666 790 -355 -69 279 778 -217 -450 -438
-5 -62 774 259 -755 -672 -343 -714 -782 -445 -129 487 -236 608 292 -514 621 814 -394 79 287 -587 579 -795 420 -187 852 -633 -343 538 -337 596 -334 602 -737 896 34 -828 871 -350 -796
744 857 -815 -501 -586 -85 -140 -722 -844 -932 680 480 -701 955 595 -23 -843 -577 417 -737 -284 72 592 503 -811 293 -198 -482 -388 6 487
713 449 398 975 -723 613 -514 -233 232 -996 99 176 -769 252 450 169 -266 -623 -755 459 -695 -696 -287 -18 -646 461 434 -678 -221 103 144 -917 -279 -199 596 -551 -544 55 203 615 108 -117 -418 -915 283 -14 -270 -824 896 676 -55 741
175 -828 616 880 -40 907 -16 -697 -120 774 788 526 -3 -110 64 303 -113 769 -984 -707 744 712 -566 -872 581 -150 485 465 -352
511 104 363 -341 -977 -812 -579 -941 -252 -320 552 277 -619 -823 217 628 970 705 -336 -850 663 945 -245 754 626 -345 916 483 -320 532 113 -621 460 124 202 869 305 793 -122 -64 892 -876 -809 473 -440
233 779 -337 -587 191 545 562 112 -483 600 984 -432 861 5 -819 -637 428 -151 -204 639 193 760 -808 766 358 816 -121 -294 -896 65 -388 375 228 111 893 21 500 773 -37 374 660 116 943 -455 -707 -6 -582 174
-169 -901 -643 -585 939 421 576 -213 143 353 -803 -612 -135 464 94 -428 126 -569 -94 696 922 830 -936 384 22 977 945 -688 -74 -614 -326 -739 -996 957 -994 691 590 -684 -786 45 -283 264 -140 814 919 -98 -1000 844 -438 -636 -430 -154 -229 776 -545 -378 60 -864 588 521 -25 -798 -751 -115 70 -317 -90 -714 -44 765 -234 58
-52 -996 -819 -424 -17 -494 -179 541 432 170 324 534 -751 584 -230 -682 937 -887 -880 584 -850 -950 -687 505 88 -102 -59 504 368 -550 182 -252 -921 304 -455 -672 -921 -220 890 -192 161 413 725 -510 -359 -790 -769 -17 -221 187 -916 -298 -945 -254 423 -169 413 513 -910 771 -816 195 157 617 62 -298 149 215 163 -797 -888 -306
383 17 -733 -344 -614 -719 -359 -626 979 6 -323 174 -566 -441 805 586 -916 -578 -785 937 -154 -234 92 -970 705 -280 807 -435 -962 -311 122 727 288 -895 -774 958 703 481 -86 -261 831 -160 7 878 276 828 406 571 -990 -427 69 875 -478 912
292 -417 -603 378 -962 799 508 -704 317 519 -172 366 -985 697 487 509 218 133 370 -743 900 356 892 583 392
272 -446 -511 -377 538 304 314 456 -416 403 764 -232 44 -996 348 26 675 -945 -12 -659 -101 528 207 -563 -204 -371 856 640 -753 -193 -861 -102 23 785 -562 -361 -874 706 391 180 -291 -813 48 908 -958 199 645 637 -86 -275 -383 -348 -177 731 883 -490 -845 -395 947 148 76 932 154 943 125 -461 -55 -183 -391 -753 -802 692 -64
59 -568 -373 -942 -851 -173 -34 687 -371 -524 253 591 -704 -319 -452 295 952 329 -469 -101 694 649 523 -746 -570 517 684 -333 5 -480 -720 276 845 -620 -839 178 703 794 -142 116 772 -448 588 659 -595 -790 825 650 -543 -913 479 675 47 440 -683 -400 -938 -574 541 -371
104 -973 388 -942 -341 -698 762 -666 58 440 810 -885 -180 -804 -96 486 -43 397 -169 612 -874 396 61 -880 574 -650 -856 253 889 436 483 -525 536 -479 -336 -270 -321 490
708 255 -609 -22 -615 976 393 214 -841 -174 -545 -249 -915 885 -29 909 -884 373 762 377 111 -380 533 956 -328 179 970 293 524 -850 438 316 489 -825 -371 -444
382 556 828 -836 35 648 -373 288 194 827 -862 349 48 -439 -40 801 -851 -472 511 46 142 831 755 647 -534 636 12 366 -645 -620 918 -853 813 873 -278 991 270 970 -88 -231 331 -985 181 25 -49 -549 -32 207 215 -224 -758 -230 -450 757 991 511 -832 70 -820 687 -264 -654 -354 -326 96 -395 -642 -159 944 611 -819
591 -581 -234 -915 989 701 -310 -453 666 801 309 -364 -660 -462 516 -371 156 363 -755 -20 -161 664 464 208 177 -895 249 -599 -158 609 967 653 648 -12 -30 628 859 34 -872 -633
-216 653 -763 281 300 -358 819 -531 511 262 -365 -637 -952 -105 -804 324 -876 573 -667 -225 -70 -580 915 -514 -48 -331 774 669 818 -971 -926 -851 617 162 -575 279 -524 -131 539 970 837 961
-247 -784 -279 -819 -515 -876 200 -730 -488 -171 -827 -334 -511 410 -811 427 -689 -786 -679 -766 261 446 224 -800 -240 594 835 61 982 35 793 578 270 -937 212 786 -99 -681 -63 -851 91 491
-231 659 159 -158 -911 882 -238 18 124 654 963 990 -177 -28 230 -981 -221 -338 579 737 279 -94 -256 -255 -835 913 -502
-303 791 888 -361 800 -495 931 493 -71 484 976 -603 729 -19 12 332 -49 -612 509 -42 575 481 -247 647 432 -630 701 976 890 -682 455 -420 -916 262 967 172 476 -803 -176 479 208 207 -701 -182 460
12 -174 709 952 -105 -595 972 -753 776 271 631 -711 314 703 -194 456 824 -822 -733 625 663 302 -76 746 303 -863 669 994 331 -249 298 336 -384 376 521 -657 -782 954 170 -322 -522 192 -111 871 370 225 940 -627 -990 -225 -757 3 -55 629 459 -243 -364 -149 -760
545 -912 -67 53 547 -871 888 -709 138 -201 -684 -911 706 677 163 117 953 -879 323 -777 962 -25 826 479 10 896 824 -330 32 -289 898 204 -20 834 -466 849 -146 -519 213 -650 -583 23 24 150 370 -527 -455 687 -190 -307
663 266 -992 -462 288 -96 -719 -296 663 -530 570 638 788 -241 -343 -637 305 -53 171 -4 -466 -514 -647 -895 959 -295 -143 322 -226 -359 -850 75 59 -816 69 -900 181 890 -764 -629 -586 -250 827 -301 -778 623 -598 894 -166 347 660 734 231
-616 246 415 503 804 391 -532 -206 749 -564 812 -224 -170 459 766 75 616 292 510 -992 -180 12 -682 -397 -853 949 153 -440 42 -451 572 -315 -876 721 346 -155 808 848 -798 926 -720 687 284 -928 -711 520 867 144 -68 -368 -181 847 603 278 -509 -735 -455 -228 -100 -98
999 769 674 -156 464 848 -113 672 -3 -466 -646 -515 647 987 61 509 -739 872 223 25 -495 789 -722 275 945 -568 382 -670 -661 -1000 326 -675 366 -187 -185 825
-881 -198 -75 960 778 123 693 -248 295 446 377 -454 -111 -152 209 302 -163 681 -574 616 -586 -380 -329 678 828 336 816 -774 -215 754 -510 -323 897 -608 546 -481 -295 -573 813 -220 218 -509 -694 24 -919 -161 910 -167 655 -427 647 107 87 643 398 -834 -67 -44 -656 -89 301 507 698 876 530 -504 509 -201 907 417 -244
-219 -776 601 -961 921 -549 -166 510 490 -722 -484 941 921 538 -481 -609 -110 -338 -398 -818 479 -849 897 -63 791
679 -812 -24 51 -683 695 -191 -895 568 -434 627 209 -121 786 -840 -372 -17 -563 661 -754 -267 -971 417 823 -444 483 573 -92 -166 146 26 413 870 996 852 314 555 189 -177 -422 -7 71 19 -583 -452
-681 -792 -640 388 -459 225 295 43 -403 578 -486 -136 -691 590 325 -862 -106 192 -24 331 -351 -99 693 812 186 667 554 99 -659 917 846 -492 -356 -444 442 983 -993 -756 -741 473 397 157 408 -127 919 -447 460 -828 -276 -671 429 -242 36 729 712 233 -964 946 -359 663
769 -388 158 -991 472 -535 -807 -796 726 -108 -241 691 186 739 140 239 -616 -903 664 559 -187 338 -233 -537 -350 -542 -69 -672 607 -735 -426 746 611 -873 -357 452 699 -179 -818 625 -222 -675 136 170 -580 535 -969 11 853 741 -390 -163 90
-131 -713 793 576 440 -287 879 -416 488 -447 -717 201 457 608 969 -464 36 -38 -978 559 166 -615 -182 -7 427 483 53 -379 296 163 -828 410 427 954 492 -40 29 158 648 -817 282 -116 297 273 746 315 443 606 534 279 833 -1 -239 -254 -459 348
292 435 -546 398 22 -442 994 -258 912 -213 838 -152 -168 856 -606 320 963 755 581 -65 -89 850 353 10 -11 -741 -317 668 203 -232 -397 -124 395 469 357 214 477 181 903 -867 -121 -723 -543 -342 622 925 -813 -915 370 718 -268 -485
714 -25 244 474 299 606 892 -524 509 272 376 945 373 866 -360 -726 -329 -839 -588 -428 881 -42 -736 532 -826 371 480 413 -222 -969 858 282 627 497 -716 -38 -267 -910 -145 431 -932 -403 166 -545 18 67 -452 -167 -518 819 -854 -254 88 457 -791 470 459 74 54
-210 -692 803 -92 29 71 -466 -72 -422 948 -301 -174 670 856 69 550 367 -946 -349 14 66 -891 -853 962 -485 -500 -451 882 167 -738 -895 331 921 -894
593 -512 -432 -88 781 -747 554 -845 -135 -629 500 -652 -48 858 349 -797 804 461 -793 395 -449 -192 -372 -876 147 -274 -137 -223 996 -118 33 269 414 854 -281 590 965 224 799 626 -906 -433 232 -494 -364
833 -679 344 535 -333 -7 368 -494 -734 136 -81 -71 -334 -336 568 701 -515 -912 -40 -345 -760 229 339 131 -751 612 -344 -849 348 -343 -447
-28 110 392 613 242 970 990 -690 -888 143 -355 -64 -823 -363 -328 -816 -281 989 -179 -3 -762 563 -492 482 346 -650 -383 -183 -103 922 -654 572 -704 99 -915 247 839 890 -131 958 -808 -350 834 84 68 648 -489 708 199 -343
25 -3 803 -194 -180 -56 196 -231 -137 451 -358 240 683 901 -457 51 -961 883 -782 540 -68 -481 878 4 332 -850 813 266 -990 865 -247 -409 -151 639 -711 547 -407 -281 -417 -96 829 -93 58 -39 -431 -258 -458 304 -812 -708 -974 -944 119 -729 -678 -487 -788 -133 824 -596 -549 476 425 140 541 -120 -385 -531
-191 -546 843 301 -941 45 543 939 437 951 121 935 -3 659 169 826 -756 -320 -130 -621 -219 83 -425 -395 -272 995 833 44 404 -78 727 -224 -469 424 939 -229 -237 -761 110 861 -317 -250 437 588 446 75 774 -114 -127 -705 -46 440 -68 960 -242 409 682
209 719 95 -692 352 56 -439 -524 -166 -785 949 -178 391 687 -735 597 -454 171 -179 486 382 469 255 -18 96 822 -958 646 730 -645 564 -453 664 965 233 -873 500 649 648 -776 557 648 364 -81 -908 553 -598 950 -615 -86 460 -252 73 460 -740 -485 749
-451 483 -862 -585 -372 -879 238 -244 -544 -650 4 -334 -260 379 417 -794 622 333 -513 -706 244 -418 -825 -701 -320 413 -464 526 212 905 -702 87 912 -934 -452 -608 -936 662 338 -135 -289 234 476 -381 446 251 494 574 -852 -920 491 -102 -132 313 -905
-529 -711 -65 890 241 48 -334 657 837 963 188 510 347 15 276 -41 71 443 -374 527 -372 951 684 101 785 -271 -520 836 80 826 183 78 -878 725 36 -469 409 -105 327 -939 153 187 -606 -722 -162 211 440
-999 898 -635 -982 575 -684 -357 -279 -405 -767 -631 141 -390 785 600 -46 984 -465 -323 959 448 -965 -897 103 -396 -784 179 75 -470 871 -432 72 890 -42 771 -192 895 -952 288 -463 -181 491 461
-221 80 -469 950 412 605 776 -450 516 763 258 119 137 -461 7 -824 -511 -999 893 104 -78 -260 174 737 -735 324 -662 238 556 502 -903 493 562 -553 -121 -472 978 -937 438 437 -976 800 -781 -921 -55 836 207 42 -975 154 -769 -884 -995 640 355 944 455 816 624 372 164 582 623 -135 -157 873 -209 491 -129 469 -833 -952 -393
-514 25 -324 865 -151 -636 -275 -313 26 851 -643 -751 -827 -786 -956 178 -746 -789 -891 46 698 823 207 228 145 157 -246 724 246 -433 -474 -350 222 270 351 725 171 486 -200 853 -413 920 899 -73
240 -357 457 -35 -619 -467 511 -670 -981 495 -511 -211 452 674 -71 126 382 772 -723 -430 328 964 -322 430 932 475 88 764 -305 -635 387 -256 -412 971 -564 -63 -246 -781 34 636 -492 823 493 -115 -282 133 -320 -456 -785 930 -840 -764 -202 154 -767 393 -625 151 368 -960 -785 221
-115 -367 -229 -918 491 676 957 -282 -731 700 255 42 -767 -117 697 431 -191 -623 -902 -787 -982 -368 -607 -634 175
603 -760 686 731 203 659 -645 -982 -688 742 -23 -953 843 438 -339 -537 -415 -230 926 -319 -661 -197 -61 410 834 595 259 -920 -65 552 -171 -553 -523 304 -619 -347 880 -442
739 674 454 207 254 55 772 -118 143 842 231 521 212 -980 -745 677 -391 95 -77 -62 -484 440 -574 -361 606 -862 -292 746 11 -426 -834 -10 51 -925 -192 806
422 -20 148 -161 -306 525 -893 619 209 -452 -118 -365 -63 400 695 -693 608 555 -710 -529 -689 -651 846 -691 521 -930 -492 593 -185 28 903 602 999 -241 991 955 -605 664
487 547 -820 -421 -234 -109 662 -916 498 583 994 584 132 578 945 363 -366 -62 -435 831 401 -707 727 39 -107 587 -117 -666 266 731 -863 -457 509 -521 123 -936 448 547 291 697 99 207 27 661 486 439 712 -215 -943 56 -931 174 -974 259 -414 -61 952 899 -602 658 847 -14 -460 -191 -167 -771 689
-995 296 563 -803 562 -585 355 855 641 -211 -154 271 -733 404 803 519 -922 -386 665 156 696 -66 -630 -769 -837 -962 -448 391 187 947 -52 696 -541 908 101
-565 904 206 290 294 997 700 -238 -892 -473 -507 -104 376 405 -135 217 711 994 700 -620 -290 -498 395 294 847 -816 -543 -178 354 539 -411 906 -696 429 545
-633 -852 -800 -842 107 710 -180 -883 -572 -91 -931 -764 919 135 854 864 322 -476 -460 -441 46 256 -948 -357 594 -887 -599 383 -398 -195 338 194 349 982 -794 -189 558 920 161 330 92 -630 29
597 519 -353 438 -168 -355 332 438 622 212 959 525 -111 518 -870 765 -497 744 511 708 479 412 -425 -134 -176 440 -232 -835 392 -489 -9 221 -801 525 -58 -32 723 -833 -146 247 -856 -512
-990 447 902 -367 -65 -122 -806 -801 649 961 91 -889 -557 -80 -627 -908 -441 749 -209 -290 138 -287 -28 933 725 295 -989 34 -900 17 339 313 -610 -319 -758 -815 -668 -460 127 31 281 873 -844 967 -540 -117 -241 -257 -113 -788 390 210 516 559 283 -714 282 -499 -604 149 451 775 -865 -288 383 -948 85 -1
757 -211 -645 354 700 -214 -486 -744 -900 980 158 348 926 634 -773 -491 975 838 921 -962 477 755 -95 -313 -180 -345 -402 122