-155 377 N/A 59 N/A 660 -559 342 104 -52 269 N/A 814 N/A -766 540 N/A -823 454 -131 -532 -225 216 N/A 808 N/A 699 N/A -26 351 N/A 131 -80 N/A 316 N/A 828 -999 642 -853 N/A -521 931 -766 N/A -444 -815 -335 -493 N/A -393 -550 242 N/A -142 -230 -351 N/A -208 605 -183 671 -250 N/A -923 677 -692 -463
34 -573 N/A -592 N/A 277 N/A -783 -781 N/A -751 -272 475 614 -773 -553 754 -84 -320 N/A 803 62 N/A 497 -499 N/A -537 -643 606
-578 365 -444 N/A -518 732 N/A -573 N/A -203 -828 127 N/A -656 428 845 74 -69 -423 461 407 947 455 N/A -577 868 788 -802 N/A 522 -119 698 39 N/A 194 273 683 451 753 834 N/A -265 N/A -504 N/A -1000 N/A -196 -181 N/A -54 -278 -681 379 -472 N/A 436 132 -628 N/A -129 -456 N/A -614 N/A 804
888 559 N/A 848 N/A -505 -763 611 -286 N/A -997 -772 -941 -862 808 755 -302 107 N/A -453 806 N/A -498 304 -159 N/A -569 -831 -94 -938 N/A -972 N/A -652 -98 N/A 108 158
-419 536 -865 -662 624 290 -845 N/A -623 771 N/A 122 N/A 223 N/A 615 -246 -639 -258 N/A 755 N/A -735 N/A 157 -320 983 -931 -863 630 -497 -489 N/A -437 130 N/A -36 -635 935 N/A -414 532 942
-884 -677 6 N/A 123 538 N/A -655 -643 N/A 515 -441 -677 -810 -583 237 -610 N/A 536 672 -184 561 -914 N/A -167 809 N/A 699 N/A -17 N/A 109 540 78
692 N/A 127 -142 N/A 711 -720 979 699 297 662 N/A -639 -797 615 -444 461 703 -981 515 -614 N/A 926 N/A -167 N/A 312 -588 -860 N/A -661 N/A -485 889 N/A 327 926 871 -960 378 -150 N/A 838 -883 N/A 992 N/A 803 249 N/A 32 N/A -937 -845 726 -830 537 6 -116 974 -511 -543 801 N/A -198 81 -568 N/A -874 -154 84 N/A -810 N/A -713
-164 654 N/A 598 438 N/A 896 789 N/A 150 -889 158 -775 -145 N/A 689 -362 N/A 538 N/A 965 807 N/A 420 324 -13 -89 -845 N/A -153 924 97 -588 -107 291 N/A 704 -910 44 N/A 392 -66 252 495 46 N/A -944 -64 N/A -599 827 -442 N/A -97 795 14 N/A -698 -664 -821 N/A -61 N/A -521
-213 -349 N/A -251 N/A 603 631 451 N/A 477 994 -303 -632 549 586 -792 N/A -2 -139 -695 -450 N/A 395 665 N/A 422 -121 N/A 715 N/A -597 -18 -942 990 -451 N/A 102 N/A -324 N/A -33 N/A -151 800 -597 N/A 461 108 732 -107 N/A 850 89 N/A -143 -174 -667 -989 434 N/A -261 385 -735 -965 N/A 782 781 N/A 384 -897 -121 -1 -20 473 234
-862 183 N/A 708 506 N/A 279 494 360 N/A -678 -76 -990 924 264 N/A 439 -475 -975 N/A -490 N/A -910 N/A -754 N/A -369 N/A -771 271 -936 766 507 -223 -364 833 -570
129 479 N/A 360 310 288 782 -722 -295 -187 273 N/A 240 N/A -229 -686 -924 -79 842 N/A 380 N/A -559 N/A 456 -561 -845 N/A 661 604 N/A -78 212 N/A 791 -371 -270 -893 -344 688 N/A -203 N/A -637 792 N/A 490 433 -43 352 676 -489 482 N/A -525
117 N/A 492 -422 948 558 -69 N/A 720 674 N/A -260 -192 -754 293 -365 845 283 174 N/A -821 N/A -139 N/A 220 -849 N/A -407 -860 263 -180 -771 N/A -821 250
927 305 45 836 -328 676 -213 N/A -94 -838 N/A -405 N/A -46 -171 614 284 649 N/A -696 N/A 246 983 N/A 84 -624 -755 -835 -883 N/A -445 360 -420 -771 N/A -775 -521 N/A -28 N/A -637 249 795
374 493 N/A -526 -8 N/A 349 N/A -862 238 N/A 530 -823 665 N/A -731 -836 N/A -910 N/A -753 989 189 929 990 -463 N/A -482 -980 N/A -525 -816 N/A 122 604 -558 N/A 624 146 -830 320 81 -973 517 106 521 450 -426 N/A 605 796
629 556 -880 561 -178 N/A 90 -387 N/A 91 N/A -750 -539 508 N/A -256 -585 N/A -793 715 363 -640 -907 102 761 N/A 726 -267 87 277 -574 -753 616 N/A 345 N/A -959 780 504 N/A -164 -422 N/A -565 N/A -546 404 N/A -913 209 797 -771 723 -490 704 N/A 81 N/A -642 N/A -69
-975 N/A -735 N/A 743 340 126 N/A 163 1 -299 N/A -523 N/A -847 N/A 966 N/A 419 N/A -830 980 -859 -998 -830 -112 -494 409 527 583 N/A 482 -235 -109 -881 -324 N/A 611 N/A -934 761 6 -930 451 -114 716 N/A -164 N/A -912 313 -405 260 201 N/A -459 576 N/A 506 -557 966 -479 -334
689 N/A -584 -823 N/A 258 -281 93 330 -289 853 -656 N/A -972 243 55 390 -139 873 780 N/A -176 N/A -324 158 N/A 92 N/A -247 806 N/A -172 276 -574 324 -364 N/A -651 -875 172 N/A 751
-61 147 807 -363 N/A 10 752 297 234 -526 650 N/A -398 -273 N/A 967 220 794 N/A -703 N/A -290 -359 -214 -208 N/A -569 N/A 891
50 -462 69 N/A 213 568 N/A 382 N/A -987 -142 N/A 281 -202 N/A 783 -267 N/A 178 329 171 640 N/A -260 -155 -521 868 -21 825 N/A -890 220 N/A -744 -79 607 132 -35 N/A 586 N/A -237 N/A 85 -523 -651 N/A 5 894 -460 -642 N/A -731 N/A -726 -307 -265 N/A -173 212 -380 733 -610 N/A 596 494 392 -231 -956 N/A -835 -349
381 -792 328 -28 -379 854 N/A -261 N/A 117 N/A -930 N/A 810 -290 -755 920 778 816 N/A 944 -254 330 -532 N/A -94 -835 N/A -37 -765 N/A -348 N/A -780 -703 N/A 505 534 -62 -616 77 N/A 754 N/A -70 -289 882 52 530 N/A -703 N/A 385 47 -488 N/A -145 -522 553 610 N/A 876 -217 -355 -824 N/A -203 -730 -754
-647 N/A 52 470 82 N/A -585 451 N/A -309 42 N/A 932 937 -36 -216 -454 N/A 468 N/A 660 62 N/A 340 882 151 N/A 411 513 -50 -792 848
29 -92 -587 778 N/A -534 N/A -301 -795 696 N/A 497 N/A -375 -323 N/A -278 -504 N/A -465 679 754 N/A -929 -499 -975 N/A -220 714 N/A 219 -240 N/A 147 856 N/A -860 -107 N/A -348 -880 -691 -571 687 857 823 -735 N/A 591 712 -35 524 195 -198 295 N/A 586 -949 N/A 226 934 N/A -174 235 -744 N/A 930 38 891
220 -527 -489 N/A -119 N/A -783 269 377 -995 -300 639 -53 N/A -224 N/A 774 N/A 720 560 -455 205 518 N/A -671 -141 -173 259 N/A 996 987 783 N/A 915 -276 -611 N/A 118 83 222 N/A -596 -149 N/A -879 -996 N/A -471 132 -365 N/A -944 -379 188 175 737 N/A 446 N/A 142
-262 N/A 156 -27 -652 -375 -137 737 858 -277 N/A -715 -196 -67 930 -351 608 -374 477 297 N/A 286 N/A 136 717 200 N/A -815 -697 N/A -308 -292 N/A 606 N/A 149 -408 N/A 368 468 -351 -234 N/A -965 N/A 861 N/A 423 -614 291 99 N/A -966 -926 N/A 242 160 861 N/A -113 983 579 919 N/A 573
382 -761 N/A 989 -767 N/A 700 -835 88 898 N/A -468 -111 N/A 289 -263 N/A -438 -303 689 288 -536 N/A -261 N/A 741 238 N/A 46 -203 N/A -545 -905 -356 -373 -456 889 -636
-504 -190 N/A 814 877 N/A 420 N/A 618 N/A -535 435 -930 N/A -636 -1000 -702 N/A 955 -262 228 N/A -983 -896 N/A -443 303 -903 N/A 355 -216 817 N/A -864 -916 993 249 N/A 266 N/A -245 -783 -679 850 -300 565 359 -760 744 847 357 419 -880 N/A -473 N/A -913 810
-488 -884 N/A -695 609 -279 -73 N/A 58 -916 -849 435 382 781 N/A 821 N/A 319 N/A 113 -525 -37 N/A -605 669 465 -933
-336 683 -38 -783 -519 -122 2 502 -755 960 N/A 141 -386 -848 -730 N/A -177 363 -291 87 823 N/A -164 N/A 583 -12 N/A 627 -262 976 -648 771 N/A 226 N/A 243 N/A -469 899 N/A 467 N/A 428 34 220 142 N/A -177 -906 N/A -98 -688 N/A 113 -722 -28 N/A 175 N/A 725 -731 -321 35
337 -396 -762 98 N/A 221 243 N/A -497 N/A 346 527 899 730 337 -571 N/A 495 N/A 49 501 -28 N/A 230 -870 -553 N/A 626 823 -233 83
-938 -732 -450 N/A 231 921 -348 -43 N/A 163 N/A 165 N/A -313 -32 126 173 -308 N/A -181 -413 N/A -676 -827 N/A -484 566 -600 232 41 -328 N/A 497 N/A 807 -50 -899 -985 -673 428 392 N/A -956 435 -595 -421 N/A -434 257 -169 -501 N/A -948 N/A 437 183 N/A 907 N/A 468 832 N/A -411 516 -675 -616 N/A 959
838 257 N/A -897 -740 -630 N/A -308 -502 946 682 N/A -459 440 879 321 N/A 151 52 N/A 983 983 -398 N/A 40 774 -993 507 -724 928 -927 N/A 200 N/A 22 N/A -732 N/A -84 N/A -234 -787 N/A -242 -747 803 -673 185 -819 N/A -551 124 539 N/A -317 N/A 3 -942 N/A 307 335 64 406 263 491
-675 N/A 374 -750 -898 N/A -351 145 -925 N/A 615 N/A 762 -660 N/A -594 -88 N/A 108 N/A -839 -164 -205 -691 898 215 N/A 735 -357 651 -15 N/A -652 294 -721 87 -780 N/A -568 894 -248 N/A 182 895 N/A -636 272 -337 N/A 10 -2 N/A -701 -259 997 N/A -79 N/A 708 505 N/A 306 -10 -89 -404 438 147 405 N/A 323 -523 -180 702
-62 259 N/A -889 -271 N/A 472 N/A 967 473 -689 30 195 N/A -640 -303 -99 N/A 4 817 626 N/A -746 123 -856 812 N/A -464 -715 N/A -246 -888 N/A 39 -389 -451 568 760 -239 772 -394 N/A 318 -562 165 66 N/A 741 -377 N/A 104 N/A -589 -312 N/A -88 -920 -704
418 -825 46 -988 -790 406 N/A -27 -28 -744 -138 N/A -887 N/A 707 N/A -762 N/A -703 -767 993 N/A 556 -684 -310 N/A 263 -925 736 -891 -710 N/A -861 166 527 -127 599 -919 N/A 53 -356 N/A -133 -130 673 N/A 501 -388 -133 N/A -627 -441 342 761 551 N/A -58 N/A -163
-347 -792 -734 N/A 186 808 -889 969 N/A 172 786 414 -991 -17 N/A 376 N/A -922 N/A 633 -635 N/A 768 733 N/A 309 48 N/A 129 240 -623 275 N/A -954 N/A -990 -646 N/A -809 -355 795 -342 -902 737 476 989 826 N/A 842 N/A -485 -349 342 749 N/A 430 -237 N/A -981 -790 911
972 N/A 49 192 N/A 166 -732 106 423 -642 -527 421 534 N/A -983 -138 -441 N/A 699 N/A 816 971 551 987 N/A -38 438 N/A 519 -210 192 N/A -570 -816 N/A -709 222 N/A 956 N/A -934 N/A 29 -789 812 104 -139 -892 -146
393 N/A -121 N/A 820 256 -761 76 N/A 941 -989 N/A -283 998 255 -725 186 N/A 601 N/A 847 906 493 391 -442 242 -488 -424 N/A 177 -670 -503 N/A 992 N/A -840 N/A -840 117 130
-488 -748 N/A 575 162 -297 729 N/A -460 N/A 784 -198 512 N/A -471 -441 N/A -447 -578 931 150 -231 N/A -298 -641 N/A 358 -614 54 -404 N/A -167 -496 -435 927 732 N/A -523 -719 -586 103 N/A -481 N/A 325 528 623 803 321 N/A 449 624 -760 -808 22 407 -539 513 12 N/A 36 N/A -417 N/A 69 N/A 898
-382 -869 465 695 N/A -287 875 -3 N/A 328 -988 48 N/A 254 -215 64 N/A -951 -399 N/A -964 -814 -337 613 -421 N/A 839 221 590 N/A 66 11 205 -130 -424 617 713 N/A -479 N/A 933 N/A -369 -967 N/A 513 -301 402 -748 -709 N/A -425 N/A 626 N/A -529 -816
205 465 669 N/A -298 -858 -563 N/A 183 -337 396 364 -446 N/A 956 N/A -368 41 -656 -325 859 15 298 N/A -898 125 540 380 -207 N/A 685 458 N/A 259 520 N/A -706 341 866 -139 N/A -449 -885 N/A -867 885 N/A -338 662 -360 -844 N/A -613 N/A -52 -323 227 -322 N/A -507 N/A -877 -1000 295 N/A -733
578 -412 N/A -907 371 678 N/A 229 -301 570 -117 393 N/A 710 -256 937 -335 -37 386 -518 N/A -765 106 N/A -240 N/A -235 776 106 135 N/A 121 N/A 839 728 N/A 748 202 N/A 641 -392 -727 N/A -723 610 N/A -34 342 -969 N/A -831 606 N/A 29 614 490 -700 365 -860 -35 N/A -817 592 N/A 891 -905 N/A -140 -725 -787 412 N/A -284 552
470 N/A -717 N/A -496 N/A 299 441 N/A -804 -588 N/A -504 -602 -330 188 220 -485 905 -245 N/A 132 -886 -152 N/A -442 -921 152 360
-403 965 -634 -11 N/A 335 714 -196 -248 -35 -611 N/A -103 N/A -461 -889 982 N/A 63 N/A 885 N/A -206 25 N/A -122 810 -325 N/A 717 49 -923 N/A 760 -367 131
868 N/A -749 983 -890 -95 -314 -403 -511 499 N/A -667 -29 -468 -62 N/A -717 N/A -624 N/A -235 484 678 N/A 952 N/A 936 738 134 -617 -887 -886 -125 N/A 916 402 N/A -889 857 -549 534 N/A 962 278 625 -906 707 69 808 104 961 N/A 607 N/A -552 N/A 242 -253 201 N/A -324 -154 N/A 226 N/A -520 N/A -888 -975 -530 -100
-42 N/A -349 N/A -589 820 -442 760 393 -433 900 346 N/A 202 N/A 68 -55 186 N/A 470 201 995 -305 -211 574 79 246 N/A 702 N/A 95 -740 N/A -863 N/A -50 887 68 -298 N/A -205 N/A -630 525 -804 108 N/A -881 -296 N/A 139 330 -239 N/A 738 997 208 595 N/A -892 -16 -206
148 652 -78 N/A -789 -933 861 -945 -994 N/A -243 N/A -895 294 216 N/A -951 624 -334 331 722 -961 510 N/A -572 497 N/A 579 -402 N/A 145 N/A 45 -383 216 -802 N/A 390 704 -174 119 976 640 -264 229 81 N/A -567 N/A -625 N/A -869 N/A -769 N/A 826 875 469 909 N/A -475 N/A 319 497 -284 679 -15 436 561 N/A 568
694 -447 -266 686 513 N/A 355 N/A -717 392 -995 N/A -187 N/A -719 286 N/A -211 N/A 151 671 N/A -84 N/A -203 865 -565 N/A -485 N/A -959 176 N/A 914 -289 750 -268 841 -907 283 -915 -458 500 533 -932 -593 -969
728 -277 N/A 44 633 N/A 457 80 N/A -175 49 -556 -648 -736 -39 -880 N/A -972 N/A -880 902 N/A -698 -491 -261 32 N/A 3 -166 N/A -353 -272 577 -40 -593 N/A -117 792 N/A 64 -724 831 -294 -141 327 -763 N/A -589 -184 N/A 179 148 N/A -692 -533
-359 -59 N/A 540 420 326 822 -183 N/A 535 612 N/A 293 N/A 575 763 -650 -277 198 N/A 663 N/A -749 -676 128 -877 652 N/A 847 67 N/A 944 N/A 722 177 -972 884 -25 N/A -599
220 256 N/A 964 603 -851 N/A -206 436 149 844 877 N/A 145 297 625 N/A -664 N/A 870 -844 N/A 988 N/A 25 -575 -868 349 N/A 500 -257 461 N/A 614 N/A -304 -134 -790 N/A -742 668 311 -745 N/A 246 -422 -467 376 -82 N/A -725 -524 N/A -263 -11 120 -720 -131 511 N/A -334 334
-371 467 N/A 502 -22 -224 N/A 924 -452 N/A -913 867 109 N/A -988 957 -316 -973 -161 -636 N/A 620 -407 N/A 986 -911 -429 N/A 574 -822 -762 N/A 376 N/A -939 -972 N/A -379 -806 870 842 80 316 N/A 364 -813 N/A -637 -778 118 N/A -61 -495 N/A 562 -727
-141 721 N/A 356 -418 979 811 -443 N/A -467 381 491 N/A -206 N/A -374 -784 N/A -703 N/A -643 N/A -351 127 -911 -839 -320 -683 664
-936 37 618 N/A -992 N/A 589 -96 N/A -770 N/A 601 -518 N/A 497 -62 -209 258 -771 93 N/A 376 -32 -71 N/A -447 N/A -71 32 85 -994 N/A 510 -943 -928 405 N/A 948 507 N/A 847 945 897 -816 -917 N/A -791 -104 621 928 N/A -273 540 -26 N/A 76
-979 N/A -699 N/A -79 -174 192 N/A 625 N/A 986 166 304 467 N/A 829 726 616 303 -896 N/A -285 85 694 -835 -821 613 226 -280 531 N/A -587 N/A -551 251 -813 636 N/A -619 -147 N/A -393
664 742 -286 N/A 1 128 290 N/A 72 -834 -216 N/A 401 N/A 175 -257 -727 591 N/A 500 N/A -907 -570 559 31 -621 -937 568 N/A 392 N/A 676 N/A 744 27 N/A 734 683 628 -818 N/A 789 565 N/A -706 -166 N/A 907 N/A -451 -573 301 N/A -205 -920 -813 N/A -584 238 -971 952 330 490 -318 -934 -492 -716 N/A 437 -155
-404 -549 N/A -227 530 N/A -725 N/A -250 N/A -761 -460 123 591 N/A -946 N/A 329 270 N/A -209 -118 N/A -673 300 -372 N/A 461 456 445 -900 -86 287 336 -139 668 446 929 -69 -23 530 N/A -358 103 N/A -193 -425 N/A 553 N/A 163 N/A 215 -192 -948 N/A -956 892 511 -481
-853 N/A 544 705 302 -495 -344 -738 N/A 537 N/A -286 259 743 -558 -399 400 787 240 N/A -826 N/A -557 N/A -78 -390
387 N/A -156 N/A -56 630 N/A -84 N/A -258 N/A 661 -43 -76 751 345 N/A -922 -201 N/A -128 706 -830 -577 384 401 N/A 21 599 N/A -889 -574 641 118 20 62 965 25 N/A -921 N/A -216 -618 474 -143 N/A 480 54 526 -936 -129 N/A 613 -747 -205
-489 340 917 -1 -328 N/A 74 981 -671 34 -327 N/A 45 N/A -688 -113 -343 -541 N/A 546 N/A -976 63 768 671 N/A -366 49 N/A 796 350 N/A -750 -112 -598 -17 N/A 176 N/A -641 -632 -408 421 -357 -737 N/A 4 -706 -316 -646 164 N/A 981 N/A -772 N/A 422 847 -846 N/A 757 141 361 N/A 507 906 65
-142 N/A -90 40 -560 N/A 855 876 N/A -560 N/A -837 N/A -986 -864 N/A 301 N/A -370 529 522 464 305 -65 N/A -131 850 -515 -834 832 N/A -589 149 664 N/A -896 -836 -840 333 62 N/A 606 848 N/A -95 N/A -772 -947 N/A 230 -271 592 -276 371 -727 N/A -837 611 -31 902 -472 -814 -277 N/A 352